id="_25" points="1890.51 119.08 1811.17 119.08 1771.5 187.79 1811.17 256.5 1890.51 256.5 1930.18 187.79 1890.51 119.08"
id="s41" points="1652.5 256.5 1691.5 327.5 1720.5 318.5 1675.5 239.5 1652.5 256.5"
id="s88" points="2579.5 307.5 2478.5 307.5 2585.5 287.5 2706.5 287.5 2579.5 307.5"
id="s40" points="1671.5 395.5 1716.5 318.5 1691.5 327.5 1652.5 394.5 1671.5 395.5"
id="s52" points="1652.5 256.5 1694.5 185.5 1720.5 161.5 1675.5 239.5 1652.5 256.5"
id="s60" points="1994.5 475.5 1952.5 468.5 1911.5 540.5 1949.5 554.5 1994.5 475.5"
id="s62" points="1759.5 649.5 1742.5 582.5 1835.5 649.5 1884.5 734.5 1759.5 649.5"
id="s59" points="2000.5 396.5 2051.5 484.5 1952.5 468.5 1911.5 396.73 2000.5 396.5"
id="s61" points="1828.5 540.5 1911.5 540.5 1949.48 554.07 1981.5 565.5 1884.5 565.5 1828.5 540.5"
id="s57" points="1890.5 256.5 1930.5 187.5 2160.5 79.5 2100.5 184.5 1890.5 256.5"
id="s56" points="2018.5 313.5 1970.42 230.5 2100.5 184.5 2160.5 289.5 2018.5 313.5"
id="s94" points="2392.5 579.5 2427.5 640.5 2573.5 717.5 2527.5 637.5 2392.5 579.5"
id="_42" points="2666.48 556.5 2573.53 556.5 2527.05 637 2573.53 717.5 2666.48 717.5 2712.95 637 2666.48 556.5"
id="_50" points="2726.61 159.5 2636.54 159.5 2591.5 237.5 2636.54 315.51 2726.61 315.51 2771.65 237.5 2726.61 159.5"
id="_49" points="2717.96 316.5 2629.05 316.5 2584.59 393.5 2629.05 470.5 2717.96 470.5 2762.41 393.5 2717.96 316.5"
id="_48" points="2810.68 483.5 2707.33 483.5 2655.66 573 2707.33 662.5 2810.68 662.5 2862.35 573 2810.68 483.5"
id="_51" points="2616.06 65.5 2521.95 65.5 2474.89 147 2521.95 228.5 2616.06 228.5 2663.11 147 2616.06 65.5"
id="s87" points="2387.5 332.5 2427.5 270.5 2766.5 182.5 2706.5 287.5 2387.5 332.5"
id="s90" points="2499.5 270.5 2591.5 237.5 2636.5 315.5 2536.5 332.5 2499.5 270.5"
id="s92" points="2403.5 229.5 2525.5 182.5 2587.5 78.5 2455.5 141.5 2403.5 229.5"
id="s91" points="2445.5 311.5 2585.5 287.5 2525.5 183.5 2397.5 229.5 2445.5 311.5"
id="s89" points="2536.5 332.5 2629.5 316.5 2584.5 393.5 2499.5 394.5 2536.5 332.5"
id="s85" points="2652.5 636.5 2707.5 662.5 2655.5 572.5 2606.5 556.5 2652.5 636.5"
id="s84" points="2410.5 563.5 2378.5 553.5 2423.5 631.5 2459.5 648.5 2410.5 563.5"
id="s82" points="2378.5 483.5 2289.5 470.5 2342.5 539.5 2431.5 571.5 2378.5 483.5"
id="s80" points="2186.5 470.5 2230.5 394.04 2223.5 393.5 2183.5 464.5 2186.5 470.5"
id="s79" points="2277.5 483.5 2197.5 470.5 2286.5 470.5 2380.5 483.5 2277.5 483.5"
id="s78" points="2113.5 394.5 2100.5 394.5 2144.5 470.5 2161.5 477.5 2113.5 394.5"
id="s77" points="2238.5 719.5 2284.5 639.5 2232.5 581.5 2199.5 643.5 2238.5 719.5"
id="s76" points="2235.5 161.5 2177.5 208.5 2213.5 270.5 2280.5 238.5 2235.5 161.5"
id="s75" points="2184.5 66.5 2144.5 147.5 2180.5 208.5 2231.5 147.5 2184.5 66.5"
id="s73" points="2171.5 229.5 2157.5 256.5 2235.5 256.5 2265.5 229.5 2171.5 229.5"
id="s70" points="1970.5 308.5 1958.5 332.5 1995.5 394.5 2021.5 396.5 1970.5 308.5"
id="s68" points="2200.5 317.5 2203.5 315.5 2291.5 315.5 2289.5 317.5 2200.5 317.5"
id="s66" points="2671.5 478.5 2707.5 483.5 2655.5 572.5 2623.5 561.5 2671.5 478.5"
id="s67" points="2717.5 470.5 2810.5 483.5 2719.5 483.5 2629.5 470.5 2717.5 470.5"
id="s97" points="2342.5 539.5 2378.5 552.5 2423.5 474.5 2382.5 467.5 2342.5 539.5"
id="s95" points="2460.5 474.5 2479.5 478.5 2527.5 561.5 2505.5 553.5 2460.5 474.5"
id="s93" points="2559.5 553.5 2573.5 556.5 2527.5 637.5 2514.32 631.5 2559.5 553.5"
id="s58" points="2018.5 313.5 2051.5 308.5 2000.5 396.5 1970.42 396.5 2018.5 313.5"
id="s35" points="1806.5 318.5 1826.5 313.5 1874.5 396.5 1850.5 396.5 1806.5 318.5"
id="s36" points="1811.5 318.5 1856.5 239.5 1874.5 230.5 1826.5 313.5 1811.5 318.5"
id="s83" points="2311.5 563.5 2262.5 539.5 2342.5 539.5 2409.5 563.5 2311.5 563.5"
id="_45" points="2514.32 474.5 2423.68 474.5 2378.36 553 2423.68 631.5 2514.32 631.5 2559.65 553 2514.32 474.5"
id="_39" points="2286.31 317.5 2197.93 317.5 2153.74 394.04 2197.93 470.58 2286.31 470.58 2330.5 394.04 2286.31 317.5"
id="_37" points="2295.96 161.5 2207.05 161.5 2162.59 238.5 2207.05 315.5 2295.96 315.5 2340.41 238.5 2295.96 161.5"
id="_36" points="2472.84 229.5 2378.16 229.5 2330.82 311.5 2378.16 393.5 2472.84 393.5 2520.19 311.5 2472.84 229.5"
id="s86" points="2479.5 308.5 2585.5 288.5 2706.5 288.5 2580.5 308.5 2479.5 308.5"
id="_44" points="2706.34 79.5 2585.67 79.5 2525.34 184 2585.67 288.5 2706.34 288.5 2766.67 184 2706.34 79.5"
id="_43" points="2693.42 396.5 2597.58 396.5 2549.66 479.5 2597.58 562.5 2693.42 562.5 2741.34 479.5 2693.42 396.5"
id="s96" points="2478.5 483.96 2382.5 468.96 2342.5 395.5 2427.5 395.96 2478.5 483.96"
id="_46" points="2579.36 308.5 2478.33 308.5 2427.81 396 2478.33 483.5 2579.36 483.5 2629.88 396 2579.36 308.5"
id="_47" points="2409.58 564.5 2311.43 564.5 2262.35 649.5 2311.43 734.5 2409.58 734.5 2458.65 649.5 2409.58 564.5"
id="s81" points="2362.5 661.5 2360.5 649.5 2409.5 564.5 2413.5 573.5 2362.5 661.5"
id="_26" points="1805.67 318.5 1716.18 318.5 1671.43 396 1716.18 473.5 1805.67 473.5 1850.41 396 1805.67 318.5"
id="_27" points="1811.32 161.5 1720.68 161.5 1675.36 240 1720.68 318.5 1811.32 318.5 1856.65 240 1811.32 161.5"
id="_28" points="1970.42 230.5 1874.58 230.5 1826.66 313.5 1874.58 396.5 1970.42 396.5 2018.34 313.5 1970.42 230.5"
id="_33" points="2085.42 475.56 1994.81 475.56 1949.5 554.03 1994.81 632.5 2085.42 632.5 2130.72 554.03 2085.42 475.56"
id="_32" points="2238.48 558.5 2145.53 558.5 2099.05 639 2145.53 719.5 2238.48 719.5 2284.95 639 2238.48 558.5"
id="_41" points="2192.42 394.5 2096.58 394.5 2048.66 477.5 2096.58 560.5 2192.42 560.5 2240.34 477.5 2192.42 394.5"
id="s74" points="2200.5 230.5 2192.5 239.5 2235.5 162.5 2247.5 148.5 2200.5 230.5"
id="_38" points="2274.54 66.5 2180.62 66.5 2133.66 147.84 2180.62 229.17 2274.54 229.17 2321.5 147.84 2274.54 66.5"
id="_40" points="2380.1 483.5 2277.91 483.5 2226.81 572 2277.91 660.5 2380.1 660.5 2431.19 572 2380.1 483.5"
id="s71" points="2149.5 485.5 2138.5 457.5 2175.5 397.5 2201.5 397.5 2149.5 485.5"
id="s69" points="2342.5 184.5 2215.5 208.5 2152.5 308.5 2282.5 289.5 2342.5 184.5"
id="_35" points="2152.52 308.96 2051.17 308.96 2000.5 396.73 2051.17 484.5 2152.52 484.5 2203.19 396.73 2152.52 308.96"
id="_34" points="1981.79 565.5 1884.22 565.5 1835.43 650 1884.22 734.5 1981.79 734.5 2030.57 650 1981.79 565.5"
id="s55" points="2152.5 308.5 2282.5 289.5 2160.5 289.5 2051.17 308.96 2152.5 308.5"
id="s72" points="2280.5 80.5 2270.5 148.5 2317.5 230.5 2340.5 185.5 2280.5 80.5"
id="_31" points="2282.12 79.5 2160.88 79.5 2100.26 184.5 2160.88 289.5 2282.12 289.5 2342.74 184.5 2282.12 79.5"
id="s1" points="555.5 158.5 647.5 158.5 660.5 192.5 596.5 193.5 555.5 158.5"
id="_2" points="647.11 0.5 555.89 0.5 510.28 79.5 555.89 158.5 647.11 158.5 692.72 79.5 647.11 0.5"
id="s33" points="148.5 93.5 322.5 395.5 686.5 394.5 638.5 311.5 148.5 93.5"
id="s32" points="148.5 697.5 660.5 467.5 703.5 395.72 322.5 395.5 148.5 697.5"
id="s3" points="584.5 503.5 646.5 610.5 703.5 540.5 661.5 467.5 584.5 503.5"
id="s20" points="1501.5 184.5 1221.5 271.5 1257.5 208.5 1562.5 79.5 1501.5 184.5"
id="s21" points="1221.5 271.5 1257.5 332.5 1562.5 290.5 1501.5 184.5 1221.5 271.5"
id="s23" points="1223.5 394.5 1258.5 457.5 1332.5 482.5 1281.5 395.5 1223.5 394.5"
id="s19" points="686.5 229.5 782.5 229.5 777.5 211.5 672.5 211.5 686.5 229.5"
id="s18" points="771.5 184.5 781.5 229.5 829.5 311.5 830.5 288.5 771.5 184.5"
id="s17" points="792.5 394.5 780.5 395.5 830.5 307.5 827.5 334.5 792.5 394.5"
id="s16" points="792.5 394.5 828.5 455.5 830.5 482.5 780.5 395.5 792.5 394.5"
id="s15" points="787.5 539.5 705.5 539.5 684.5 564.5 782.5 564.5 787.5 539.5"
id="s14" points="831.5 505.5 828.5 455.5 792.5 519.5 769.5 613.5 831.5 505.5"
id="s11" points="1120.5 478.5 1139.5 484.5 1087.5 573.5 1071.5 561.5 1120.5 478.5"
id="s10" points="1139.5 662.5 1109.5 637.5 1062.5 557.5 1087.5 573.5 1139.5 662.5"
id="s9" points="1127.5 200.5 1146.5 188.5 1186.5 119.5 1164.5 136.5 1127.5 200.5"
id="s8" points="1114.5 209.5 1150.5 270.5 1186.5 257.5 1146.5 188.5 1114.5 209.5"
id="s7" points="1152.5 270.5 1221.5 271.5 1265.5 257.5 1186.5 257.5 1152.5 270.5"
id="_9" points="1127.2 72.28 1052.59 72.28 1015.29 136.89 1052.59 201.5 1127.2 201.5 1164.5 136.89 1127.2 72.28"
id="_10" points="1136.97 194.5 1059.03 194.5 1020.06 262 1059.03 329.5 1136.97 329.5 1175.94 262 1136.97 194.5"
id="s6" points="1135.5 306.5 1177.5 295.5 1120.5 394.5 1084.5 394.5 1135.5 306.5"
id="_5" points="782.65 564.5 684.5 564.5 635.43 649.5 684.5 734.5 782.65 734.5 831.73 649.5 782.65 564.5"
id="_14" points="1063.5 557.5 970.52 557.5 924.05 638 970.52 718.5 1063.48 718.5 1109.95 638 1063.5 557.5"
id="_13" points="1072.44 394.5 976.02 394.5 927.82 478 976.02 561.5 1072.44 561.5 1120.65 478 1072.44 394.5"
id="s29" points="1329.5 582.5 1564.5 637.5 1611.5 718.5 1365.5 643.5 1329.5 582.5"
id="_23" points="1704.52 556.83 1611.17 556.83 1564.5 637.66 1611.17 718.5 1704.52 718.5 1751.19 637.66 1704.52 556.83"
id="s27" points="1365.5 518.5 1436.5 518.5 1704.5 556.5 1611.5 556.5 1365.5 518.5"
id="s28" points="1329.5 582.5 1365.5 518.5 1529.5 556.5 1482.5 637.5 1329.5 582.5"
id="s30" points="1257.5 332.5 1331.5 332.5 1683.5 290.5 1562.5 290.5 1257.5 332.5"
id="_19" points="1497.86 477.96 1402.29 477.96 1354.5 560.73 1402.29 643.5 1497.86 643.5 1545.65 560.73 1497.86 477.96"
id="s26" points="1318.5 771.5 1150.5 643.5 1115.5 582.5 1264.5 676.5 1318.5 771.5"
id="_15" points="1242.1 484.5 1139.29 484.5 1087.89 573.53 1139.29 662.57 1242.1 662.57 1293.5 573.53 1242.1 484.5"
id="s12" points="1071.5 394.5 1120.5 394.5 1177.5 494.5 1120.5 478.5 1071.5 394.5"
id="s42" points="1049.5 242.5 1020.06 262 1059.5 194.5 1093.5 166.5 1049.5 242.5"
id="_8" points="1049.38 90.5 961.62 90.5 917.74 166.5 961.62 242.5 1049.38 242.5 1093.26 166.5 1049.38 90.5"
id="s2" points="672.5 211.5 619.5 120.5 685.5 208.5 720.5 270.5 672.5 211.5"
id="_6" points="781.57 229.29 686.19 229.29 638.5 311.9 686.19 394.5 781.57 394.5 829.26 311.9 781.57 229.29"
id="s45" points="931.5 484.5 924.5 477.5 972.5 394.5 982.5 394.5 931.5 484.5"
id="_12" points="931.98 307.5 830.95 307.5 780.43 395 830.95 482.5 931.98 482.5 982.5 395 931.98 307.5"
id="_11" points="1084.89 219.16 983.66 219.16 933.04 306.83 983.66 394.5 1084.89 394.5 1135.5 306.83 1084.89 219.16"
id="s5" points="930.5 482.5 958.5 505.5 831.5 505.5 830.5 482.5 930.5 482.5"
id="s4" points="829.5 307.5 831.5 288.5 952.5 288.5 931.5 307.5 829.5 307.5"
id="s24" points="1242.5 484.5 1293.5 573.5 1379.5 606.5 1318.5 501.5 1242.5 484.5"
id="s25" points="1348.89 395 1291.5 494.5 1318.5 501.5 1379.5 395.5 1348.89 395"
id="s22" points="1257.5 332.5 1223.5 394.5 1389.96 395 1440.48 307.5 1257.5 332.5"
id="_16" points="1291.45 295.5 1176.56 295.5 1119.11 395 1176.56 494.5 1291.45 494.5 1348.89 395 1291.45 295.5"
id="_17" points="1266.42 119.5 1186.74 119.5 1146.9 188.5 1186.74 257.5 1266.42 257.5 1306.25 188.5 1266.42 119.5"
id="_3" points="584.07 503.5 459.94 503.5 397.87 611 459.94 718.5 584.07 718.5 646.13 611 584.07 503.5"
id="s34" points="777.5 28.5 782.5 69.5 787.5 79.5 807.5 79.5 777.5 28.5"
id="_4" points="777.83 28.5 672.17 28.5 619.35 120 672.17 211.5 777.83 211.5 830.66 120 777.83 28.5"
id="_24" points="1683.91 79.5 1562.09 79.5 1501.18 185 1562.09 290.5 1683.91 290.5 1744.82 185 1683.91 79.5"
id="s31" points="1293.5 573.5 1318.5 582.5 1264.5 676.5 1242.5 662.5 1293.5 573.5"
id="_21" points="1428.56 582.5 1319.44 582.5 1264.88 677 1319.44 771.5 1428.56 771.5 1483.12 677 1428.56 582.5"
id="s47" points="952.5 288.5 1012.5 184.5 977.5 219.5 931.5 307.5 952.5 288.5"
id="s46" points="952.5 79.5 1012.5 184.5 992.5 219.5 948.49 219.51 917.5 166.5 952.5 79.5"
id="s44" points="1021.5 614.5 968.5 561.5 924.5 477.5 958.5 505.5 1021.5 614.5"
id="s43" points="958.5 724.5 924.5 638.5 968.5 561.5 1021.5 614.5 958.5 724.5"
id="s37" points="1648.5 663.5 1593.5 637.5 1546.5 556.5 1596.5 573.5 1648.5 663.5"
id="_29" points="1751.67 484.5 1648.33 484.5 1596.66 574 1648.33 663.5 1751.67 663.5 1803.35 574 1751.67 484.5"
id="_7" points="952.04 79.5 831.11 79.5 770.65 184.22 831.11 288.95 952.04 288.95 1012.5 184.22 952.04 79.5"
id="s38" points="1413.5 477.5 1461.5 560.5 1643.5 641.5 1574.5 518.5 1413.5 477.5"
id="_22" points="1541.52 307.5 1440.48 307.5 1389.96 395 1440.48 482.5 1541.52 482.5 1592.04 395 1541.52 307.5"
id="s51" points="1572.5 518.5 1433.5 482.5 1484.5 394.5 1643.5 396.5 1572.5 518.5"
id="_20" points="1501.5 395.51 1379.5 395.51 1318.5 501.17 1379.5 606.82 1501.5 606.82 1562.5 501.17 1501.5 395.51"
id="_18" points="958.3 505.5 831.86 505.5 768.64 615 831.86 724.5 958.3 724.5 1021.52 615 958.3 505.5"
id="_30" points="1784.73 396.5 1643.28 396.5 1572.55 519 1643.28 641.5 1784.73 641.5 1855.45 519 1784.73 396.5"