id="s63" points="1603.5 207.5 1637.5 147.5 1671.5 119.5 1631.5 187.5 1603.5 207.5"
id="_25" data-name="25" points="1750.51 119.08 1671.17 119.08 1631.5 187.79 1671.17 256.5 1750.51 256.5 1790.18 187.79 1750.51 119.08"
id="s41" points="1477.5 256.5 1517.5 327.5 1580.5 318.5 1535.5 239.5 1477.5 256.5"
id="s40" points="1531.5 396.5 1576.5 318.5 1517.5 327.5 1477.5 394.5 1531.5 396.5"
id="s88" points="2439.5 307.5 2338.5 307.5 2445.5 287.5 2566.5 287.5 2439.5 307.5"
id="s52" points="1512.5 256.5 1554.5 185.5 1580.5 161.5 1535.5 239.5 1512.5 256.5"
id="s60" points="1854.5 475.5 1812.5 468.5 1771.5 540.5 1809.5 554.5 1854.5 475.5"
id="s62" points="1619.5 649.5 1602.5 582.5 1695.5 649.5 1744.5 734.5 1619.5 649.5"
id="s59" points="1860.5 396.5 1911.5 484.5 1812.5 468.5 1771.5 396.73 1860.5 396.5"
id="s61" points="1688.5 540.5 1771.5 540.5 1809.48 554.07 1841.5 565.5 1744.5 565.5 1688.5 540.5"
id="s57" points="1750.5 256.5 1790.5 187.5 2020.5 79.5 1960.5 184.5 1750.5 256.5"
id="s56" points="1878.5 313.5 1830.42 230.5 1960.5 184.5 2020.5 289.5 1878.5 313.5"
id="s94" points="2252.5 579.5 2287.5 640.5 2433.5 717.5 2387.5 637.5 2252.5 579.5"
id="_42" data-name="42" points="2526.48 556.5 2433.53 556.5 2387.05 637 2433.53 717.5 2526.48 717.5 2572.95 637 2526.48 556.5"
id="_50" data-name="50" points="2586.61 159.5 2496.54 159.5 2451.5 237.5 2496.54 315.51 2586.61 315.51 2631.65 237.5 2586.61 159.5"
id="_49" data-name="49" points="2577.96 316.5 2489.05 316.5 2444.59 393.5 2489.05 470.5 2577.96 470.5 2622.41 393.5 2577.96 316.5"
id="_48" data-name="48" points="2670.68 483.5 2567.33 483.5 2515.66 573 2567.33 662.5 2670.68 662.5 2722.35 573 2670.68 483.5"
id="_51" data-name="51" points="2476.06 65.5 2381.95 65.5 2334.89 147 2381.95 228.5 2476.06 228.5 2523.11 147 2476.06 65.5"
id="s87" points="2247.5 332.5 2287.5 270.5 2626.5 182.5 2566.5 287.5 2247.5 332.5"
id="s90" points="2359.5 270.5 2451.5 237.5 2496.5 315.5 2396.5 332.5 2359.5 270.5"
id="s92" points="2263.5 229.5 2385.5 182.5 2447.5 78.5 2315.5 141.5 2263.5 229.5"
id="s91" points="2305.5 311.5 2445.5 287.5 2385.5 183.5 2257.5 229.5 2305.5 311.5"
id="s89" points="2396.5 332.5 2489.5 316.5 2444.5 393.5 2359.5 394.5 2396.5 332.5"
id="s85" points="2512.5 636.5 2567.5 662.5 2515.5 572.5 2466.5 556.5 2512.5 636.5"
id="s84" points="2270.5 563.5 2238.5 553.5 2283.5 631.5 2319.5 648.5 2270.5 563.5"
id="s82" points="2238.5 483.5 2149.5 470.5 2202.5 539.5 2291.5 571.5 2238.5 483.5"
id="s80" points="2046.5 470.5 2090.5 394.04 2083.5 393.5 2043.5 464.5 2046.5 470.5"
id="s79" points="2137.5 483.5 2057.5 470.5 2146.5 470.5 2240.5 483.5 2137.5 483.5"
id="s78" points="1973.5 394.5 1960.5 394.5 2004.5 470.5 2021.5 477.5 1973.5 394.5"
id="s77" points="2098.5 719.5 2144.5 639.5 2092.5 581.5 2059.5 643.5 2098.5 719.5"
id="s76" points="2095.5 161.5 2037.5 208.5 2073.5 270.5 2140.5 238.5 2095.5 161.5"
id="s75" points="2044.5 66.5 2004.5 147.5 2040.5 208.5 2091.5 147.5 2044.5 66.5"
id="s73" points="2031.5 229.5 2017.5 256.5 2095.5 256.5 2125.5 229.5 2031.5 229.5"
id="s70" points="1830.5 308.5 1818.5 332.5 1855.5 394.5 1881.5 396.5 1830.5 308.5"
id="s68" points="2060.5 317.5 2063.5 315.5 2151.5 315.5 2149.5 317.5 2060.5 317.5"
id="s66" points="2531.5 478.5 2567.5 483.5 2515.5 572.5 2483.5 561.5 2531.5 478.5"
id="s67" points="2577.5 470.5 2670.5 483.5 2579.5 483.5 2489.5 470.5 2577.5 470.5"
id="s97" points="2202.5 539.5 2238.5 552.5 2283.5 474.5 2242.5 467.5 2202.5 539.5"
id="s95" points="2320.5 474.5 2339.5 478.5 2387.5 561.5 2365.5 553.5 2320.5 474.5"
id="s93" points="2419.5 553.5 2433.5 556.5 2387.5 637.5 2374.32 631.5 2419.5 553.5"
id="s58" points="1878.5 313.5 1911.5 308.5 1860.5 396.5 1830.42 396.5 1878.5 313.5"
id="s35" points="1657.5 318.5 1700.5 313.5 1748.5 396.5 1702.5 396.5 1657.5 318.5"
id="s36" points="1665.5 318.5 1710.5 239.5 1748.5 230.5 1700.5 313.5 1665.5 318.5"
id="s83" points="2171.5 563.5 2122.5 539.5 2202.5 539.5 2269.5 563.5 2171.5 563.5"
id="_45" data-name="45" points="2374.32 474.5 2283.68 474.5 2238.36 553 2283.68 631.5 2374.32 631.5 2419.65 553 2374.32 474.5"
id="_39" data-name="39" points="2146.31 317.5 2057.93 317.5 2013.74 394.04 2057.93 470.58 2146.31 470.58 2190.5 394.04 2146.31 317.5"
id="_37" data-name="37" points="2155.96 161.5 2067.05 161.5 2022.59 238.5 2067.05 315.5 2155.96 315.5 2200.41 238.5 2155.96 161.5"
id="_36" data-name="36" points="2332.84 229.5 2238.16 229.5 2190.82 311.5 2238.16 393.5 2332.84 393.5 2380.19 311.5 2332.84 229.5"
id="s86" points="2339.5 308.5 2445.5 288.5 2566.5 288.5 2440.5 308.5 2339.5 308.5"
id="_44" data-name="44" points="2566.34 79.5 2445.67 79.5 2385.34 184 2445.67 288.5 2566.34 288.5 2626.67 184 2566.34 79.5"
id="_43" data-name="43" points="2553.42 396.5 2457.58 396.5 2409.66 479.5 2457.58 562.5 2553.42 562.5 2601.34 479.5 2553.42 396.5"
id="s96" points="2338.5 483.96 2242.5 468.96 2202.5 395.5 2287.5 395.96 2338.5 483.96"
id="_46" data-name="46" points="2439.36 308.5 2338.33 308.5 2287.81 396 2338.33 483.5 2439.36 483.5 2489.88 396 2439.36 308.5"
id="_47" data-name="47" points="2269.58 564.5 2171.43 564.5 2122.35 649.5 2171.43 734.5 2269.58 734.5 2318.65 649.5 2269.58 564.5"
id="s81" points="2222.5 661.5 2220.5 649.5 2269.5 564.5 2273.5 573.5 2222.5 661.5"
id="_26" data-name="26" points="1665.67 318.5 1576.18 318.5 1531.43 396 1576.18 473.5 1665.67 473.5 1710.41 396 1665.67 318.5"
id="_27" data-name="27" points="1671.32 161.5 1580.68 161.5 1535.36 240 1580.68 318.5 1671.32 318.5 1716.65 240 1671.32 161.5"
id="_28" data-name="28" points="1830.42 230.5 1734.58 230.5 1686.66 313.5 1734.58 396.5 1830.42 396.5 1878.34 313.5 1830.42 230.5"
id="_33" data-name="33" points="1945.42 475.56 1854.81 475.56 1809.5 554.03 1854.81 632.5 1945.42 632.5 1990.72 554.03 1945.42 475.56"
id="_32" data-name="32" points="2098.48 558.5 2005.53 558.5 1959.05 639 2005.53 719.5 2098.48 719.5 2144.95 639 2098.48 558.5"
id="_41" data-name="41" points="2052.42 394.5 1956.58 394.5 1908.66 477.5 1956.58 560.5 2052.42 560.5 2100.34 477.5 2052.42 394.5"
id="s74" points="2060.5 230.5 2052.5 239.5 2095.5 162.5 2107.5 148.5 2060.5 230.5"
id="_38" data-name="38" points="2134.54 66.5 2040.62 66.5 1993.66 147.84 2040.62 229.17 2134.54 229.17 2181.5 147.84 2134.54 66.5"
id="_40" data-name="40" points="2240.1 483.5 2137.91 483.5 2086.81 572 2137.91 660.5 2240.1 660.5 2291.19 572 2240.1 483.5"
id="s71" points="2009.5 485.5 1998.5 457.5 2035.5 397.5 2061.5 397.5 2009.5 485.5"
id="s69" points="2202.5 184.5 2075.5 208.5 2012.5 308.5 2142.5 289.5 2202.5 184.5"
id="_35" data-name="35" points="2012.52 308.96 1911.17 308.96 1860.5 396.73 1911.17 484.5 2012.52 484.5 2063.19 396.73 2012.52 308.96"
id="_34" data-name="34" points="1841.79 565.5 1744.22 565.5 1695.43 650 1744.22 734.5 1841.79 734.5 1890.57 650 1841.79 565.5"
id="s55" points="2012.5 308.5 2142.5 289.5 2020.5 289.5 1911.17 308.96 2012.5 308.5"
id="s72" points="2140.5 80.5 2130.5 148.5 2177.5 230.5 2200.5 185.5 2140.5 80.5"
id="_31" data-name="31" points="2142.12 79.5 2020.88 79.5 1960.26 184.5 2020.88 289.5 2142.12 289.5 2202.74 184.5 2142.12 79.5"
id="s1" points="485.5 158.5 577.5 158.5 650.5 192.5 574.5 193.5 485.5 158.5"
id="_2" data-name="2" points="577.11 0.5 485.89 0.5 440.28 79.5 485.89 158.5 577.11 158.5 622.72 79.5 577.11 0.5"
id="s33" points="148.5 93.5 322.5 395.5 606.5 394.5 558.5 311.5 148.5 93.5"
id="s32" points="148.5 697.5 619.5 467.5 660.5 395.72 322.5 395.5 148.5 697.5"
id="s3" points="394.5 503.5 456.5 610.5 660.5 540.5 619.5 467.5 394.5 503.5"
id="s20" points="1322.5 185.5 1221.5 271.5 1257.5 208.5 1383.5 79.5 1322.5 185.5"
id="s21" points="1221.5 271.5 1257.5 332.5 1383.5 290.5 1322.5 185.5 1221.5 271.5"
id="s23" points="1223.5 394.5 1258.5 457.5 1332.5 482.5 1281.5 395.5 1223.5 394.5"
id="s19" points="606.5 229.5 697.5 229.5 657.5 211.5 552.5 211.5 606.5 229.5"
id="s18" points="592.5 184.5 701.5 229.5 749.5 311.5 653.5 288.5 592.5 184.5"
id="s17" points="792.5 394.5 675.5 395.5 725.5 307.5 827.5 334.5 792.5 394.5"
id="s16" points="792.5 394.5 828.5 455.5 725.5 482.5 675.5 395.5 792.5 394.5"
id="s15" points="745.5 539.5 660.5 539.5 591.5 564.5 686.5 564.5 745.5 539.5"
id="s14" points="634.5 505.5 828.5 455.5 792.5 519.5 571.5 613.5 634.5 505.5"
id="s11" points="1029.5 484.5 1029.5 484.5 977.5 573.5 986.5 561.5 1029.5 484.5"
id="s10" points="1029.5 662.5 1031.5 637.5 986.5 557.5 977.5 573.5 1029.5 662.5"
id="s9" points="1114.5 209.5 1119.5 188.5 1159.5 119.5 1152.5 149.5 1114.5 209.5"
id="s8" points="1114.5 209.5 1150.5 270.5 1159.5 257.5 1119.5 188.5 1114.5 209.5"
id="s7" points="1152.5 270.5 1221.5 271.5 1237.5 257.5 1159.5 257.5 1152.5 270.5"
id="_9" data-name="9" points="1118.2 72.28 1043.59 72.28 1006.29 136.89 1043.59 201.5 1118.2 201.5 1155.5 136.89 1118.2 72.28"
id="_10" data-name="10" points="1117.97 194.5 1040.03 194.5 1001.06 262 1040.03 329.5 1117.97 329.5 1156.94 262 1117.97 194.5"
id="s6" points="1025.5 306.5 1020.5 295.5 963.5 394.5 974.5 394.5 1025.5 306.5"
id="_5" data-name="5" points="689.65 564.5 591.5 564.5 542.43 649.5 591.5 734.5 689.65 734.5 738.73 649.5 689.65 564.5"
id="_14" data-name="14" points="985.5 557.5 892.52 557.5 846.05 638 892.52 718.5 985.48 718.5 1031.95 638 985.5 557.5"
id="_13" data-name="13" points="983.44 394.5 887.02 394.5 838.82 478 887.02 561.5 983.44 561.5 1031.65 478 983.44 394.5"
id="s29" points="1330 582.5 1406.5 637.5 1453.5 718.5 1364.5 643.5 1330 582.5"
id="_23" data-name="23" points="1546.52 556.83 1453.17 556.83 1406.5 637.66 1453.17 718.5 1546.52 718.5 1593.19 637.66 1546.52 556.83"
id="s27" points="1365.5 518.5 1436.5 518.5 1546.5 556.5 1453.5 556.5 1365.5 518.5"
id="s28" points="1329.5 582.5 1365.5 518.5 1453.5 556.5 1406.5 637.5 1329.5 582.5"
id="s30" points="1257.5 332.5 1331.5 332.5 1504.5 290.5 1383.5 290.5 1257.5 332.5"
id="_19" data-name="19" points="1413.86 477.96 1318.29 477.96 1270.5 560.73 1318.29 643.5 1413.86 643.5 1461.65 560.73 1413.86 477.96"
id="s26" points="1188.5 771.5 1150.5 643.5 1115.5 582.5 1133.5 676.5 1188.5 771.5"
id="_15" data-name="15" points="1132.1 484.5 1029.29 484.5 977.89 573.53 1029.29 662.57 1132.1 662.57 1183.5 573.53 1132.1 484.5"
id="s12" points="983.5 394.5 963.5 394.5 1020.5 494.5 1031.5 478.5 983.5 394.5"
id="s42" points="992.5 242.5 1001.06 262 1040.5 194.5 1036.5 166.5 992.5 242.5"
id="_8" data-name="8" points="992.38 90.5 904.62 90.5 860.74 166.5 904.62 242.5 992.38 242.5 1036.26 166.5 992.38 90.5"
id="s2" points="552.5 211.5 499.5 119.5 685.5 208.5 720.5 270.5 552.5 211.5"
id="_6" data-name="6" points="701.57 229.29 606.19 229.29 558.5 311.9 606.19 394.5 701.57 394.5 749.26 311.9 701.57 229.29"
id="s45" points="827.5 482.5 838.5 477.5 887.02 394.5 877.5 395 827.5 482.5"
id="_12" data-name="12" points="826.98 307.5 725.95 307.5 675.43 395 725.95 482.5 826.98 482.5 877.5 395 826.98 307.5"
id="_11" data-name="11" points="976.89 219.16 875.66 219.16 825.04 306.83 875.66 394.5 976.89 394.5 1027.5 306.83 976.89 219.16"
id="s5" points="824.5 482.5 761.5 505.5 634.5 505.5 725.5 482.5 824.5 482.5"
id="s4" points="725.5 307.5 656.5 289.5 774.5 288.5 825.5 306.5 725.5 307.5"
id="s24" points="1132.5 484.5 1183.5 573.5 1199.5 606.5 1140.5 500.5 1132.5 484.5"
id="s25" points="1192.5 394.5 1135.5 494.5 1138.5 501.5 1199.5 395.5 1192.5 394.5"
id="s22" points="1257.5 332.5 1223.5 394.5 1281.5 395.5 1332.5 307.5 1257.5 332.5"
id="_16" data-name="16" points="1135.45 295.5 1020.55 295.5 963.11 395 1020.55 494.5 1135.45 494.5 1192.89 395 1135.45 295.5"
id="_17" data-name="17" points="1239.42 119.5 1159.74 119.5 1119.9 188.5 1159.74 257.5 1239.42 257.5 1279.25 188.5 1239.42 119.5"
id="_3" data-name="3" points="394.07 503.5 269.94 503.5 207.87 611 269.94 718.5 394.07 718.5 456.13 611 394.07 503.5"
id="s34" points="657.5 28.5 704.5 69.5 710.66 79.5 687.27 79.5 657.5 28.5"
id="_4" data-name="4" points="657.83 28.5 552.17 28.5 499.35 120 552.17 211.5 657.83 211.5 710.66 120 657.83 28.5"
id="_24" data-name="24" points="1504.91 79.5 1383.09 79.5 1322.18 185 1383.09 290.5 1504.91 290.5 1565.82 185 1504.91 79.5"
id="s31" points="1180.5 573.5 1188.5 582.5 1133.5 676.5 1132.5 662.5 1180.5 573.5"
id="_21" data-name="21" points="1297.56 582.5 1188.44 582.5 1133.88 677 1188.44 771.5 1297.56 771.5 1352.12 677 1297.56 582.5"
id="s47" points="774.5 288.5 834.5 184.5 875.5 219.5 827.5 307.5 774.5 288.5"
id="s46" points="774.5 79.5 834.5 184.5 875.5 219.5 891.15 219.16 860.5 166.5 774.5 79.5"
id="s44" points="824.5 614.5 887.5 561.5 838.5 477.5 761.5 505.5 824.5 614.5"
id="s43" points="761.5 724.5 846.5 637.5 890.22 561.5 824.5 614.5 761.5 724.5"
id="s37" points="1648.5 663.5 1593.5 637.5 1546.5 556.5 1596.5 573.5 1648.5 663.5"
id="_29" data-name="29" points="1751.67 484.5 1648.33 484.5 1596.66 574 1648.33 663.5 1751.67 663.5 1803.35 574 1751.67 484.5"
id="_7" data-name="7" points="774.04 79.5 653.11 79.5 592.65 184.22 653.11 288.95 774.04 288.95 834.5 184.22 774.04 79.5"
id="s38" points="1413.5 477.5 1461.5 560.5 1643.5 641.5 1574.5 518.5 1413.5 477.5"
id="_22" data-name="22" points="1433.52 307.5 1332.48 307.5 1281.96 395 1332.48 482.5 1433.52 482.5 1484.04 395 1433.52 307.5"
id="s51" points="1572.5 518.5 1433.5 482.5 1484.5 394.5 1643.5 396.5 1572.5 518.5"
id="_20" data-name="20" points="1321.5 395.51 1199.5 395.51 1138.5 501.17 1199.5 606.82 1321.5 606.82 1382.5 501.17 1321.5 395.51"
id="_18" data-name="18" points="761.3 505.5 634.86 505.5 571.64 615 634.86 724.5 761.3 724.5 824.52 615 761.3 505.5"
id="_30" data-name="30" points="1784.73 396.5 1643.28 396.5 1572.55 519 1643.28 641.5 1784.73 641.5 1855.45 519 1784.73 396.5"